111 112 113 114 115 116 0
-111 -112 0
-111 -113 0
-111 -114 0
-111 -115 0
-111 -116 0
-112 -113 0
-112 -114 0
-112 -115 0
-112 -116 0
-113 -114 0
-113 -115 0
-113 -116 0
-114 -115 0
-114 -116 0
-115 -116 0
121 122 123 124 125 126 0
-121 -122 0
-121 -123 0
-121 -124 0
-121 -125 0
-121 -126 0
-122 -123 0
-122 -124 0
-122 -125 0
-122 -126 0
-123 -124 0
-123 -125 0
-123 -126 0
-124 -125 0
-124 -126 0
-125 -126 0
131 132 133 134 135 136 0
-131 -132 0
-131 -133 0
-131 -134 0
-131 -135 0
-131 -136 0
-132 -133 0
-132 -134 0
-132 -135 0
-132 -136 0
-133 -134 0
-133 -135 0
-133 -136 0
-134 -135 0
-134 -136 0
-135 -136 0
141 142 143 144 145 146 0
-141 -142 0
-141 -143 0
-141 -144 0
-141 -145 0
-141 -146 0
-142 -143 0
-142 -144 0
-142 -145 0
-142 -146 0
-143 -144 0
-143 -145 0
-143 -146 0
-144 -145 0
-144 -146 0
-145 -146 0
151 152 153 154 155 156 0
-151 -152 0
-151 -153 0
-151 -154 0
-151 -155 0
-151 -156 0
-152 -153 0
-152 -154 0
-152 -155 0
-152 -156 0
-153 -154 0
-153 -155 0
-153 -156 0
-154 -155 0
-154 -156 0
-155 -156 0
161 162 163 164 165 166 0
-161 -162 0
-161 -163 0
-161 -164 0
-161 -165 0
-161 -166 0
-162 -163 0
-162 -164 0
-162 -165 0
-162 -166 0
-163 -164 0
-163 -165 0
-163 -166 0
-164 -165 0
-164 -166 0
-165 -166 0
211 212 213 214 215 216 0
-211 -212 0
-211 -213 0
-211 -214 0
-211 -215 0
-211 -216 0
-212 -213 0
-212 -214 0
-212 -215 0
-212 -216 0
-213 -214 0
-213 -215 0
-213 -216 0
-214 -215 0
-214 -216 0
-215 -216 0
221 222 223 224 225 226 0
-221 -222 0
-221 -223 0
-221 -224 0
-221 -225 0
-221 -226 0
-222 -223 0
-222 -224 0
-222 -225 0
-222 -226 0
-223 -224 0
-223 -225 0
-223 -226 0
-224 -225 0
-224 -226 0
-225 -226 0
231 232 233 234 235 236 0
-231 -232 0
-231 -233 0
-231 -234 0
-231 -235 0
-231 -236 0
-232 -233 0
-232 -234 0
-232 -235 0
-232 -236 0
-233 -234 0
-233 -235 0
-233 -236 0
-234 -235 0
-234 -236 0
-235 -236 0
241 242 243 244 245 246 0
-241 -242 0
-241 -243 0
-241 -244 0
-241 -245 0
-241 -246 0
-242 -243 0
-242 -244 0
-242 -245 0
-242 -246 0
-243 -244 0
-243 -245 0
-243 -246 0
-244 -245 0
-244 -246 0
-245 -246 0
251 252 253 254 255 256 0
-251 -252 0
-251 -253 0
-251 -254 0
-251 -255 0
-251 -256 0
-252 -253 0
-252 -254 0
-252 -255 0
-252 -256 0
-253 -254 0
-253 -255 0
-253 -256 0
-254 -255 0
-254 -256 0
-255 -256 0
261 262 263 264 265 266 0
-261 -262 0
-261 -263 0
-261 -264 0
-261 -265 0
-261 -266 0
-262 -263 0
-262 -264 0
-262 -265 0
-262 -266 0
-263 -264 0
-263 -265 0
-263 -266 0
-264 -265 0
-264 -266 0
-265 -266 0
311 312 313 314 315 316 0
-311 -312 0
-311 -313 0
-311 -314 0
-311 -315 0
-311 -316 0
-312 -313 0
-312 -314 0
-312 -315 0
-312 -316 0
-313 -314 0
-313 -315 0
-313 -316 0
-314 -315 0
-314 -316 0
-315 -316 0
321 322 323 324 325 326 0
-321 -322 0
-321 -323 0
-321 -324 0
-321 -325 0
-321 -326 0
-322 -323 0
-322 -324 0
-322 -325 0
-322 -326 0
-323 -324 0
-323 -325 0
-323 -326 0
-324 -325 0
-324 -326 0
-325 -326 0
331 332 333 334 335 336 0
-331 -332 0
-331 -333 0
-331 -334 0
-331 -335 0
-331 -336 0
-332 -333 0
-332 -334 0
-332 -335 0
-332 -336 0
-333 -334 0
-333 -335 0
-333 -336 0
-334 -335 0
-334 -336 0
-335 -336 0
341 342 343 344 345 346 0
-341 -342 0
-341 -343 0
-341 -344 0
-341 -345 0
-341 -346 0
-342 -343 0
-342 -344 0
-342 -345 0
-342 -346 0
-343 -344 0
-343 -345 0
-343 -346 0
-344 -345 0
-344 -346 0
-345 -346 0
351 352 353 354 355 356 0
-351 -352 0
-351 -353 0
-351 -354 0
-351 -355 0
-351 -356 0
-352 -353 0
-352 -354 0
-352 -355 0
-352 -356 0
-353 -354 0
-353 -355 0
-353 -356 0
-354 -355 0
-354 -356 0
-355 -356 0
361 362 363 364 365 366 0
-361 -362 0
-361 -363 0
-361 -364 0
-361 -365 0
-361 -366 0
-362 -363 0
-362 -364 0
-362 -365 0
-362 -366 0
-363 -364 0
-363 -365 0
-363 -366 0
-364 -365 0
-364 -366 0
-365 -366 0
411 412 413 414 415 416 0
-411 -412 0
-411 -413 0
-411 -414 0
-411 -415 0
-411 -416 0
-412 -413 0
-412 -414 0
-412 -415 0
-412 -416 0
-413 -414 0
-413 -415 0
-413 -416 0
-414 -415 0
-414 -416 0
-415 -416 0
421 422 423 424 425 426 0
-421 -422 0
-421 -423 0
-421 -424 0
-421 -425 0
-421 -426 0
-422 -423 0
-422 -424 0
-422 -425 0
-422 -426 0
-423 -424 0
-423 -425 0
-423 -426 0
-424 -425 0
-424 -426 0
-425 -426 0
431 432 433 434 435 436 0
-431 -432 0
-431 -433 0
-431 -434 0
-431 -435 0
-431 -436 0
-432 -433 0
-432 -434 0
-432 -435 0
-432 -436 0
-433 -434 0
-433 -435 0
-433 -436 0
-434 -435 0
-434 -436 0
-435 -436 0
441 442 443 444 445 446 0
-441 -442 0
-441 -443 0
-441 -444 0
-441 -445 0
-441 -446 0
-442 -443 0
-442 -444 0
-442 -445 0
-442 -446 0
-443 -444 0
-443 -445 0
-443 -446 0
-444 -445 0
-444 -446 0
-445 -446 0
451 452 453 454 455 456 0
-451 -452 0
-451 -453 0
-451 -454 0
-451 -455 0
-451 -456 0
-452 -453 0
-452 -454 0
-452 -455 0
-452 -456 0
-453 -454 0
-453 -455 0
-453 -456 0
-454 -455 0
-454 -456 0
-455 -456 0
461 462 463 464 465 466 0
-461 -462 0
-461 -463 0
-461 -464 0
-461 -465 0
-461 -466 0
-462 -463 0
-462 -464 0
-462 -465 0
-462 -466 0
-463 -464 0
-463 -465 0
-463 -466 0
-464 -465 0
-464 -466 0
-465 -466 0
511 512 513 514 515 516 0
-511 -512 0
-511 -513 0
-511 -514 0
-511 -515 0
-511 -516 0
-512 -513 0
-512 -514 0
-512 -515 0
-512 -516 0
-513 -514 0
-513 -515 0
-513 -516 0
-514 -515 0
-514 -516 0
-515 -516 0
521 522 523 524 525 526 0
-521 -522 0
-521 -523 0
-521 -524 0
-521 -525 0
-521 -526 0
-522 -523 0
-522 -524 0
-522 -525 0
-522 -526 0
-523 -524 0
-523 -525 0
-523 -526 0
-524 -525 0
-524 -526 0
-525 -526 0
531 532 533 534 535 536 0
-531 -532 0
-531 -533 0
-531 -534 0
-531 -535 0
-531 -536 0
-532 -533 0
-532 -534 0
-532 -535 0
-532 -536 0
-533 -534 0
-533 -535 0
-533 -536 0
-534 -535 0
-534 -536 0
-535 -536 0
541 542 543 544 545 546 0
-541 -542 0
-541 -543 0
-541 -544 0
-541 -545 0
-541 -546 0
-542 -543 0
-542 -544 0
-542 -545 0
-542 -546 0
-543 -544 0
-543 -545 0
-543 -546 0
-544 -545 0
-544 -546 0
-545 -546 0
551 552 553 554 555 556 0
-551 -552 0
-551 -553 0
-551 -554 0
-551 -555 0
-551 -556 0
-552 -553 0
-552 -554 0
-552 -555 0
-552 -556 0
-553 -554 0
-553 -555 0
-553 -556 0
-554 -555 0
-554 -556 0
-555 -556 0
561 562 563 564 565 566 0
-561 -562 0
-561 -563 0
-561 -564 0
-561 -565 0
-561 -566 0
-562 -563 0
-562 -564 0
-562 -565 0
-562 -566 0
-563 -564 0
-563 -565 0
-563 -566 0
-564 -565 0
-564 -566 0
-565 -566 0
611 612 613 614 615 616 0
-611 -612 0
-611 -613 0
-611 -614 0
-611 -615 0
-611 -616 0
-612 -613 0
-612 -614 0
-612 -615 0
-612 -616 0
-613 -614 0
-613 -615 0
-613 -616 0
-614 -615 0
-614 -616 0
-615 -616 0
621 622 623 624 625 626 0
-621 -622 0
-621 -623 0
-621 -624 0
-621 -625 0
-621 -626 0
-622 -623 0
-622 -624 0
-622 -625 0
-622 -626 0
-623 -624 0
-623 -625 0
-623 -626 0
-624 -625 0
-624 -626 0
-625 -626 0
631 632 633 634 635 636 0
-631 -632 0
-631 -633 0
-631 -634 0
-631 -635 0
-631 -636 0
-632 -633 0
-632 -634 0
-632 -635 0
-632 -636 0
-633 -634 0
-633 -635 0
-633 -636 0
-634 -635 0
-634 -636 0
-635 -636 0
641 642 643 644 645 646 0
-641 -642 0
-641 -643 0
-641 -644 0
-641 -645 0
-641 -646 0
-642 -643 0
-642 -644 0
-642 -645 0
-642 -646 0
-643 -644 0
-643 -645 0
-643 -646 0
-644 -645 0
-644 -646 0
-645 -646 0
651 652 653 654 655 656 0
-651 -652 0
-651 -653 0
-651 -654 0
-651 -655 0
-651 -656 0
-652 -653 0
-652 -654 0
-652 -655 0
-652 -656 0
-653 -654 0
-653 -655 0
-653 -656 0
-654 -655 0
-654 -656 0
-655 -656 0
661 662 663 664 665 666 0
-661 -662 0
-661 -663 0
-661 -664 0
-661 -665 0
-661 -666 0
-662 -663 0
-662 -664 0
-662 -665 0
-662 -666 0
-663 -664 0
-663 -665 0
-663 -666 0
-664 -665 0
-664 -666 0
-665 -666 0
-111 -121 0
-111 -211 0
-111 -221 0
-121 -211 0
-121 -221 0
-211 -221 0
-112 -122 0
-112 -212 0
-112 -222 0
-122 -212 0
-122 -222 0
-212 -222 0
-113 -123 0
-113 -213 0
-113 -223 0
-123 -213 0
-123 -223 0
-213 -223 0
-114 -124 0
-114 -214 0
-114 -224 0
-124 -214 0
-124 -224 0
-214 -224 0
-115 -125 0
-115 -215 0
-115 -225 0
-125 -215 0
-125 -225 0
-215 -225 0
-116 -126 0
-116 -216 0
-116 -226 0
-126 -216 0
-126 -226 0
-216 -226 0
-131 -141 0
-131 -231 0
-131 -241 0
-141 -231 0
-141 -241 0
-231 -241 0
-132 -142 0
-132 -232 0
-132 -242 0
-142 -232 0
-142 -242 0
-232 -242 0
-133 -143 0
-133 -233 0
-133 -243 0
-143 -233 0
-143 -243 0
-233 -243 0
-134 -144 0
-134 -234 0
-134 -244 0
-144 -234 0
-144 -244 0
-234 -244 0
-135 -145 0
-135 -235 0
-135 -245 0
-145 -235 0
-145 -245 0
-235 -245 0
-136 -146 0
-136 -236 0
-136 -246 0
-146 -236 0
-146 -246 0
-236 -246 0
-151 -161 0
-151 -251 0
-151 -261 0
-161 -251 0
-161 -261 0
-251 -261 0
-152 -162 0
-152 -252 0
-152 -262 0
-162 -252 0
-162 -262 0
-252 -262 0
-153 -163 0
-153 -253 0
-153 -263 0
-163 -253 0
-163 -263 0
-253 -263 0
-154 -164 0
-154 -254 0
-154 -264 0
-164 -254 0
-164 -264 0
-254 -264 0
-155 -165 0
-155 -255 0
-155 -265 0
-165 -255 0
-165 -265 0
-255 -265 0
-156 -166 0
-156 -256 0
-156 -266 0
-166 -256 0
-166 -266 0
-256 -266 0
-311 -321 0
-311 -411 0
-311 -421 0
-321 -411 0
-321 -421 0
-411 -421 0
-312 -322 0
-312 -412 0
-312 -422 0
-322 -412 0
-322 -422 0
-412 -422 0
-313 -323 0
-313 -413 0
-313 -423 0
-323 -413 0
-323 -423 0
-413 -423 0
-314 -324 0
-314 -414 0
-314 -424 0
-324 -414 0
-324 -424 0
-414 -424 0
-315 -325 0
-315 -415 0
-315 -425 0
-325 -415 0
-325 -425 0
-415 -425 0
-316 -326 0
-316 -416 0
-316 -426 0
-326 -416 0
-326 -426 0
-416 -426 0
-331 -341 0
-331 -431 0
-331 -441 0
-341 -431 0
-341 -441 0
-431 -441 0
-332 -342 0
-332 -432 0
-332 -442 0
-342 -432 0
-342 -442 0
-432 -442 0
-333 -343 0
-333 -433 0
-333 -443 0
-343 -433 0
-343 -443 0
-433 -443 0
-334 -344 0
-334 -434 0
-334 -444 0
-344 -434 0
-344 -444 0
-434 -444 0
-335 -345 0
-335 -435 0
-335 -445 0
-345 -435 0
-345 -445 0
-435 -445 0
-336 -346 0
-336 -436 0
-336 -446 0
-346 -436 0
-346 -446 0
-436 -446 0
-351 -361 0
-351 -451 0
-351 -461 0
-361 -451 0
-361 -461 0
-451 -461 0
-352 -362 0
-352 -452 0
-352 -462 0
-362 -452 0
-362 -462 0
-452 -462 0
-353 -363 0
-353 -453 0
-353 -463 0
-363 -453 0
-363 -463 0
-453 -463 0
-354 -364 0
-354 -454 0
-354 -464 0
-364 -454 0
-364 -464 0
-454 -464 0
-355 -365 0
-355 -455 0
-355 -465 0
-365 -455 0
-365 -465 0
-455 -465 0
-356 -366 0
-356 -456 0
-356 -466 0
-366 -456 0
-366 -466 0
-456 -466 0
-511 -521 0
-511 -611 0
-511 -621 0
-521 -611 0
-521 -621 0
-611 -621 0
-512 -522 0
-512 -612 0
-512 -622 0
-522 -612 0
-522 -622 0
-612 -622 0
-513 -523 0
-513 -613 0
-513 -623 0
-523 -613 0
-523 -623 0
-613 -623 0
-514 -524 0
-514 -614 0
-514 -624 0
-524 -614 0
-524 -624 0
-614 -624 0
-515 -525 0
-515 -615 0
-515 -625 0
-525 -615 0
-525 -625 0
-615 -625 0
-516 -526 0
-516 -616 0
-516 -626 0
-526 -616 0
-526 -626 0
-616 -626 0
-531 -541 0
-531 -631 0
-531 -641 0
-541 -631 0
-541 -641 0
-631 -641 0
-532 -542 0
-532 -632 0
-532 -642 0
-542 -632 0
-542 -642 0
-632 -642 0
-533 -543 0
-533 -633 0
-533 -643 0
-543 -633 0
-543 -643 0
-633 -643 0
-534 -544 0
-534 -634 0
-534 -644 0
-544 -634 0
-544 -644 0
-634 -644 0
-535 -545 0
-535 -635 0
-535 -645 0
-545 -635 0
-545 -645 0
-635 -645 0
-536 -546 0
-536 -636 0
-536 -646 0
-546 -636 0
-546 -646 0
-636 -646 0
-551 -561 0
-551 -651 0
-551 -661 0
-561 -651 0
-561 -661 0
-651 -661 0
-552 -562 0
-552 -652 0
-552 -662 0
-562 -652 0
-562 -662 0
-652 -662 0
-553 -563 0
-553 -653 0
-553 -663 0
-563 -653 0
-563 -663 0
-653 -663 0
-554 -564 0
-554 -654 0
-554 -664 0
-564 -654 0
-564 -664 0
-654 -664 0
-555 -565 0
-555 -655 0
-555 -665 0
-565 -655 0
-565 -665 0
-655 -665 0
-556 -566 0
-556 -656 0
-556 -666 0
-566 -656 0
-566 -666 0
-656 -666 0
111 121 131 141 151 161 0
-111 -121 0
-111 -131 0
-111 -141 0
-111 -151 0
-111 -161 0
-121 -131 0
-121 -141 0
-121 -151 0
-121 -161 0
-131 -141 0
-131 -151 0
-131 -161 0
-141 -151 0
-141 -161 0
-151 -161 0
112 122 132 142 152 162 0
-112 -122 0
-112 -132 0
-112 -142 0
-112 -152 0
-112 -162 0
-122 -132 0
-122 -142 0
-122 -152 0
-122 -162 0
-132 -142 0
-132 -152 0
-132 -162 0
-142 -152 0
-142 -162 0
-152 -162 0
113 123 133 143 153 163 0
-113 -123 0
-113 -133 0
-113 -143 0
-113 -153 0
-113 -163 0
-123 -133 0
-123 -143 0
-123 -153 0
-123 -163 0
-133 -143 0
-133 -153 0
-133 -163 0
-143 -153 0
-143 -163 0
-153 -163 0
114 124 134 144 154 164 0
-114 -124 0
-114 -134 0
-114 -144 0
-114 -154 0
-114 -164 0
-124 -134 0
-124 -144 0
-124 -154 0
-124 -164 0
-134 -144 0
-134 -154 0
-134 -164 0
-144 -154 0
-144 -164 0
-154 -164 0
115 125 135 145 155 165 0
-115 -125 0
-115 -135 0
-115 -145 0
-115 -155 0
-115 -165 0
-125 -135 0
-125 -145 0
-125 -155 0
-125 -165 0
-135 -145 0
-135 -155 0
-135 -165 0
-145 -155 0
-145 -165 0
-155 -165 0
116 126 136 146 156 166 0
-116 -126 0
-116 -136 0
-116 -146 0
-116 -156 0
-116 -166 0
-126 -136 0
-126 -146 0
-126 -156 0
-126 -166 0
-136 -146 0
-136 -156 0
-136 -166 0
-146 -156 0
-146 -166 0
-156 -166 0
211 221 231 241 251 261 0
-211 -221 0
-211 -231 0
-211 -241 0
-211 -251 0
-211 -261 0
-221 -231 0
-221 -241 0
-221 -251 0
-221 -261 0
-231 -241 0
-231 -251 0
-231 -261 0
-241 -251 0
-241 -261 0
-251 -261 0
212 222 232 242 252 262 0
-212 -222 0
-212 -232 0
-212 -242 0
-212 -252 0
-212 -262 0
-222 -232 0
-222 -242 0
-222 -252 0
-222 -262 0
-232 -242 0
-232 -252 0
-232 -262 0
-242 -252 0
-242 -262 0
-252 -262 0
213 223 233 243 253 263 0
-213 -223 0
-213 -233 0
-213 -243 0
-213 -253 0
-213 -263 0
-223 -233 0
-223 -243 0
-223 -253 0
-223 -263 0
-233 -243 0
-233 -253 0
-233 -263 0
-243 -253 0
-243 -263 0
-253 -263 0
214 224 234 244 254 264 0
-214 -224 0
-214 -234 0
-214 -244 0
-214 -254 0
-214 -264 0
-224 -234 0
-224 -244 0
-224 -254 0
-224 -264 0
-234 -244 0
-234 -254 0
-234 -264 0
-244 -254 0
-244 -264 0
-254 -264 0
215 225 235 245 255 265 0
-215 -225 0
-215 -235 0
-215 -245 0
-215 -255 0
-215 -265 0
-225 -235 0
-225 -245 0
-225 -255 0
-225 -265 0
-235 -245 0
-235 -255 0
-235 -265 0
-245 -255 0
-245 -265 0
-255 -265 0
216 226 236 246 256 266 0
-216 -226 0
-216 -236 0
-216 -246 0
-216 -256 0
-216 -266 0
-226 -236 0
-226 -246 0
-226 -256 0
-226 -266 0
-236 -246 0
-236 -256 0
-236 -266 0
-246 -256 0
-246 -266 0
-256 -266 0
311 321 331 341 351 361 0
-311 -321 0
-311 -331 0
-311 -341 0
-311 -351 0
-311 -361 0
-321 -331 0
-321 -341 0
-321 -351 0
-321 -361 0
-331 -341 0
-331 -351 0
-331 -361 0
-341 -351 0
-341 -361 0
-351 -361 0
312 322 332 342 352 362 0
-312 -322 0
-312 -332 0
-312 -342 0
-312 -352 0
-312 -362 0
-322 -332 0
-322 -342 0
-322 -352 0
-322 -362 0
-332 -342 0
-332 -352 0
-332 -362 0
-342 -352 0
-342 -362 0
-352 -362 0
313 323 333 343 353 363 0
-313 -323 0
-313 -333 0
-313 -343 0
-313 -353 0
-313 -363 0
-323 -333 0
-323 -343 0
-323 -353 0
-323 -363 0
-333 -343 0
-333 -353 0
-333 -363 0
-343 -353 0
-343 -363 0
-353 -363 0
314 324 334 344 354 364 0
-314 -324 0
-314 -334 0
-314 -344 0
-314 -354 0
-314 -364 0
-324 -334 0
-324 -344 0
-324 -354 0
-324 -364 0
-334 -344 0
-334 -354 0
-334 -364 0
-344 -354 0
-344 -364 0
-354 -364 0
315 325 335 345 355 365 0
-315 -325 0
-315 -335 0
-315 -345 0
-315 -355 0
-315 -365 0
-325 -335 0
-325 -345 0
-325 -355 0
-325 -365 0
-335 -345 0
-335 -355 0
-335 -365 0
-345 -355 0
-345 -365 0
-355 -365 0
316 326 336 346 356 366 0
-316 -326 0
-316 -336 0
-316 -346 0
-316 -356 0
-316 -366 0
-326 -336 0
-326 -346 0
-326 -356 0
-326 -366 0
-336 -346 0
-336 -356 0
-336 -366 0
-346 -356 0
-346 -366 0
-356 -366 0
411 421 431 441 451 461 0
-411 -421 0
-411 -431 0
-411 -441 0
-411 -451 0
-411 -461 0
-421 -431 0
-421 -441 0
-421 -451 0
-421 -461 0
-431 -441 0
-431 -451 0
-431 -461 0
-441 -451 0
-441 -461 0
-451 -461 0
412 422 432 442 452 462 0
-412 -422 0
-412 -432 0
-412 -442 0
-412 -452 0
-412 -462 0
-422 -432 0
-422 -442 0
-422 -452 0
-422 -462 0
-432 -442 0
-432 -452 0
-432 -462 0
-442 -452 0
-442 -462 0
-452 -462 0
413 423 433 443 453 463 0
-413 -423 0
-413 -433 0
-413 -443 0
-413 -453 0
-413 -463 0
-423 -433 0
-423 -443 0
-423 -453 0
-423 -463 0
-433 -443 0
-433 -453 0
-433 -463 0
-443 -453 0
-443 -463 0
-453 -463 0
414 424 434 444 454 464 0
-414 -424 0
-414 -434 0
-414 -444 0
-414 -454 0
-414 -464 0
-424 -434 0
-424 -444 0
-424 -454 0
-424 -464 0
-434 -444 0
-434 -454 0
-434 -464 0
-444 -454 0
-444 -464 0
-454 -464 0
415 425 435 445 455 465 0
-415 -425 0
-415 -435 0
-415 -445 0
-415 -455 0
-415 -465 0
-425 -435 0
-425 -445 0
-425 -455 0
-425 -465 0
-435 -445 0
-435 -455 0
-435 -465 0
-445 -455 0
-445 -465 0
-455 -465 0
416 426 436 446 456 466 0
-416 -426 0
-416 -436 0
-416 -446 0
-416 -456 0
-416 -466 0
-426 -436 0
-426 -446 0
-426 -456 0
-426 -466 0
-436 -446 0
-436 -456 0
-436 -466 0
-446 -456 0
-446 -466 0
-456 -466 0
511 521 531 541 551 561 0
-511 -521 0
-511 -531 0
-511 -541 0
-511 -551 0
-511 -561 0
-521 -531 0
-521 -541 0
-521 -551 0
-521 -561 0
-531 -541 0
-531 -551 0
-531 -561 0
-541 -551 0
-541 -561 0
-551 -561 0
512 522 532 542 552 562 0
-512 -522 0
-512 -532 0
-512 -542 0
-512 -552 0
-512 -562 0
-522 -532 0
-522 -542 0
-522 -552 0
-522 -562 0
-532 -542 0
-532 -552 0
-532 -562 0
-542 -552 0
-542 -562 0
-552 -562 0
513 523 533 543 553 563 0
-513 -523 0
-513 -533 0
-513 -543 0
-513 -553 0
-513 -563 0
-523 -533 0
-523 -543 0
-523 -553 0
-523 -563 0
-533 -543 0
-533 -553 0
-533 -563 0
-543 -553 0
-543 -563 0
-553 -563 0
514 524 534 544 554 564 0
-514 -524 0
-514 -534 0
-514 -544 0
-514 -554 0
-514 -564 0
-524 -534 0
-524 -544 0
-524 -554 0
-524 -564 0
-534 -544 0
-534 -554 0
-534 -564 0
-544 -554 0
-544 -564 0
-554 -564 0
515 525 535 545 555 565 0
-515 -525 0
-515 -535 0
-515 -545 0
-515 -555 0
-515 -565 0
-525 -535 0
-525 -545 0
-525 -555 0
-525 -565 0
-535 -545 0
-535 -555 0
-535 -565 0
-545 -555 0
-545 -565 0
-555 -565 0
516 526 536 546 556 566 0
-516 -526 0
-516 -536 0
-516 -546 0
-516 -556 0
-516 -566 0
-526 -536 0
-526 -546 0
-526 -556 0
-526 -566 0
-536 -546 0
-536 -556 0
-536 -566 0
-546 -556 0
-546 -566 0
-556 -566 0
611 621 631 641 651 661 0
-611 -621 0
-611 -631 0
-611 -641 0
-611 -651 0
-611 -661 0
-621 -631 0
-621 -641 0
-621 -651 0
-621 -661 0
-631 -641 0
-631 -651 0
-631 -661 0
-641 -651 0
-641 -661 0
-651 -661 0
612 622 632 642 652 662 0
-612 -622 0
-612 -632 0
-612 -642 0
-612 -652 0
-612 -662 0
-622 -632 0
-622 -642 0
-622 -652 0
-622 -662 0
-632 -642 0
-632 -652 0
-632 -662 0
-642 -652 0
-642 -662 0
-652 -662 0
613 623 633 643 653 663 0
-613 -623 0
-613 -633 0
-613 -643 0
-613 -653 0
-613 -663 0
-623 -633 0
-623 -643 0
-623 -653 0
-623 -663 0
-633 -643 0
-633 -653 0
-633 -663 0
-643 -653 0
-643 -663 0
-653 -663 0
614 624 634 644 654 664 0
-614 -624 0
-614 -634 0
-614 -644 0
-614 -654 0
-614 -664 0
-624 -634 0
-624 -644 0
-624 -654 0
-624 -664 0
-634 -644 0
-634 -654 0
-634 -664 0
-644 -654 0
-644 -664 0
-654 -664 0
615 625 635 645 655 665 0
-615 -625 0
-615 -635 0
-615 -645 0
-615 -655 0
-615 -665 0
-625 -635 0
-625 -645 0
-625 -655 0
-625 -665 0
-635 -645 0
-635 -655 0
-635 -665 0
-645 -655 0
-645 -665 0
-655 -665 0
616 626 636 646 656 666 0
-616 -626 0
-616 -636 0
-616 -646 0
-616 -656 0
-616 -666 0
-626 -636 0
-626 -646 0
-626 -656 0
-626 -666 0
-636 -646 0
-636 -656 0
-636 -666 0
-646 -656 0
-646 -666 0
-656 -666 0
111 211 311 411 511 611 0
-111 -211 0
-111 -311 0
-111 -411 0
-111 -511 0
-111 -611 0
-211 -311 0
-211 -411 0
-211 -511 0
-211 -611 0
-311 -411 0
-311 -511 0
-311 -611 0
-411 -511 0
-411 -611 0
-511 -611 0
112 212 312 412 512 612 0
-112 -212 0
-112 -312 0
-112 -412 0
-112 -512 0
-112 -612 0
-212 -312 0
-212 -412 0
-212 -512 0
-212 -612 0
-312 -412 0
-312 -512 0
-312 -612 0
-412 -512 0
-412 -612 0
-512 -612 0
113 213 313 413 513 613 0
-113 -213 0
-113 -313 0
-113 -413 0
-113 -513 0
-113 -613 0
-213 -313 0
-213 -413 0
-213 -513 0
-213 -613 0
-313 -413 0
-313 -513 0
-313 -613 0
-413 -513 0
-413 -613 0
-513 -613 0
114 214 314 414 514 614 0
-114 -214 0
-114 -314 0
-114 -414 0
-114 -514 0
-114 -614 0
-214 -314 0
-214 -414 0
-214 -514 0
-214 -614 0
-314 -414 0
-314 -514 0
-314 -614 0
-414 -514 0
-414 -614 0
-514 -614 0
115 215 315 415 515 615 0
-115 -215 0
-115 -315 0
-115 -415 0
-115 -515 0
-115 -615 0
-215 -315 0
-215 -415 0
-215 -515 0
-215 -615 0
-315 -415 0
-315 -515 0
-315 -615 0
-415 -515 0
-415 -615 0
-515 -615 0
116 216 316 416 516 616 0
-116 -216 0
-116 -316 0
-116 -416 0
-116 -516 0
-116 -616 0
-216 -316 0
-216 -416 0
-216 -516 0
-216 -616 0
-316 -416 0
-316 -516 0
-316 -616 0
-416 -516 0
-416 -616 0
-516 -616 0
121 221 321 421 521 621 0
-121 -221 0
-121 -321 0
-121 -421 0
-121 -521 0
-121 -621 0
-221 -321 0
-221 -421 0
-221 -521 0
-221 -621 0
-321 -421 0
-321 -521 0
-321 -621 0
-421 -521 0
-421 -621 0
-521 -621 0
122 222 322 422 522 622 0
-122 -222 0
-122 -322 0
-122 -422 0
-122 -522 0
-122 -622 0
-222 -322 0
-222 -422 0
-222 -522 0
-222 -622 0
-322 -422 0
-322 -522 0
-322 -622 0
-422 -522 0
-422 -622 0
-522 -622 0
123 223 323 423 523 623 0
-123 -223 0
-123 -323 0
-123 -423 0
-123 -523 0
-123 -623 0
-223 -323 0
-223 -423 0
-223 -523 0
-223 -623 0
-323 -423 0
-323 -523 0
-323 -623 0
-423 -523 0
-423 -623 0
-523 -623 0
124 224 324 424 524 624 0
-124 -224 0
-124 -324 0
-124 -424 0
-124 -524 0
-124 -624 0
-224 -324 0
-224 -424 0
-224 -524 0
-224 -624 0
-324 -424 0
-324 -524 0
-324 -624 0
-424 -524 0
-424 -624 0
-524 -624 0
125 225 325 425 525 625 0
-125 -225 0
-125 -325 0
-125 -425 0
-125 -525 0
-125 -625 0
-225 -325 0
-225 -425 0
-225 -525 0
-225 -625 0
-325 -425 0
-325 -525 0
-325 -625 0
-425 -525 0
-425 -625 0
-525 -625 0
126 226 326 426 526 626 0
-126 -226 0
-126 -326 0
-126 -426 0
-126 -526 0
-126 -626 0
-226 -326 0
-226 -426 0
-226 -526 0
-226 -626 0
-326 -426 0
-326 -526 0
-326 -626 0
-426 -526 0
-426 -626 0
-526 -626 0
131 231 331 431 531 631 0
-131 -231 0
-131 -331 0
-131 -431 0
-131 -531 0
-131 -631 0
-231 -331 0
-231 -431 0
-231 -531 0
-231 -631 0
-331 -431 0
-331 -531 0
-331 -631 0
-431 -531 0
-431 -631 0
-531 -631 0
132 232 332 432 532 632 0
-132 -232 0
-132 -332 0
-132 -432 0
-132 -532 0
-132 -632 0
-232 -332 0
-232 -432 0
-232 -532 0
-232 -632 0
-332 -432 0
-332 -532 0
-332 -632 0
-432 -532 0
-432 -632 0
-532 -632 0
133 233 333 433 533 633 0
-133 -233 0
-133 -333 0
-133 -433 0
-133 -533 0
-133 -633 0
-233 -333 0
-233 -433 0
-233 -533 0
-233 -633 0
-333 -433 0
-333 -533 0
-333 -633 0
-433 -533 0
-433 -633 0
-533 -633 0
134 234 334 434 534 634 0
-134 -234 0
-134 -334 0
-134 -434 0
-134 -534 0
-134 -634 0
-234 -334 0
-234 -434 0
-234 -534 0
-234 -634 0
-334 -434 0
-334 -534 0
-334 -634 0
-434 -534 0
-434 -634 0
-534 -634 0
135 235 335 435 535 635 0
-135 -235 0
-135 -335 0
-135 -435 0
-135 -535 0
-135 -635 0
-235 -335 0
-235 -435 0
-235 -535 0
-235 -635 0
-335 -435 0
-335 -535 0
-335 -635 0
-435 -535 0
-435 -635 0
-535 -635 0
136 236 336 436 536 636 0
-136 -236 0
-136 -336 0
-136 -436 0
-136 -536 0
-136 -636 0
-236 -336 0
-236 -436 0
-236 -536 0
-236 -636 0
-336 -436 0
-336 -536 0
-336 -636 0
-436 -536 0
-436 -636 0
-536 -636 0
141 241 341 441 541 641 0
-141 -241 0
-141 -341 0
-141 -441 0
-141 -541 0
-141 -641 0
-241 -341 0
-241 -441 0
-241 -541 0
-241 -641 0
-341 -441 0
-341 -541 0
-341 -641 0
-441 -541 0
-441 -641 0
-541 -641 0
142 242 342 442 542 642 0
-142 -242 0
-142 -342 0
-142 -442 0
-142 -542 0
-142 -642 0
-242 -342 0
-242 -442 0
-242 -542 0
-242 -642 0
-342 -442 0
-342 -542 0
-342 -642 0
-442 -542 0
-442 -642 0
-542 -642 0
143 243 343 443 543 643 0
-143 -243 0
-143 -343 0
-143 -443 0
-143 -543 0
-143 -643 0
-243 -343 0
-243 -443 0
-243 -543 0
-243 -643 0
-343 -443 0
-343 -543 0
-343 -643 0
-443 -543 0
-443 -643 0
-543 -643 0
144 244 344 444 544 644 0
-144 -244 0
-144 -344 0
-144 -444 0
-144 -544 0
-144 -644 0
-244 -344 0
-244 -444 0
-244 -544 0
-244 -644 0
-344 -444 0
-344 -544 0
-344 -644 0
-444 -544 0
-444 -644 0
-544 -644 0
145 245 345 445 545 645 0
-145 -245 0
-145 -345 0
-145 -445 0
-145 -545 0
-145 -645 0
-245 -345 0
-245 -445 0
-245 -545 0
-245 -645 0
-345 -445 0
-345 -545 0
-345 -645 0
-445 -545 0
-445 -645 0
-545 -645 0
146 246 346 446 546 646 0
-146 -246 0
-146 -346 0
-146 -446 0
-146 -546 0
-146 -646 0
-246 -346 0
-246 -446 0
-246 -546 0
-246 -646 0
-346 -446 0
-346 -546 0
-346 -646 0
-446 -546 0
-446 -646 0
-546 -646 0
151 251 351 451 551 651 0
-151 -251 0
-151 -351 0
-151 -451 0
-151 -551 0
-151 -651 0
-251 -351 0
-251 -451 0
-251 -551 0
-251 -651 0
-351 -451 0
-351 -551 0
-351 -651 0
-451 -551 0
-451 -651 0
-551 -651 0
152 252 352 452 552 652 0
-152 -252 0
-152 -352 0
-152 -452 0
-152 -552 0
-152 -652 0
-252 -352 0
-252 -452 0
-252 -552 0
-252 -652 0
-352 -452 0
-352 -552 0
-352 -652 0
-452 -552 0
-452 -652 0
-552 -652 0
153 253 353 453 553 653 0
-153 -253 0
-153 -353 0
-153 -453 0
-153 -553 0
-153 -653 0
-253 -353 0
-253 -453 0
-253 -553 0
-253 -653 0
-353 -453 0
-353 -553 0
-353 -653 0
-453 -553 0
-453 -653 0
-553 -653 0
154 254 354 454 554 654 0
-154 -254 0
-154 -354 0
-154 -454 0
-154 -554 0
-154 -654 0
-254 -354 0
-254 -454 0
-254 -554 0
-254 -654 0
-354 -454 0
-354 -554 0
-354 -654 0
-454 -554 0
-454 -654 0
-554 -654 0
155 255 355 455 555 655 0
-155 -255 0
-155 -355 0
-155 -455 0
-155 -555 0
-155 -655 0
-255 -355 0
-255 -455 0
-255 -555 0
-255 -655 0
-355 -455 0
-355 -555 0
-355 -655 0
-455 -555 0
-455 -655 0
-555 -655 0
156 256 356 456 556 656 0
-156 -256 0
-156 -356 0
-156 -456 0
-156 -556 0
-156 -656 0
-256 -356 0
-256 -456 0
-256 -556 0
-256 -656 0
-356 -456 0
-356 -556 0
-356 -656 0
-456 -556 0
-456 -656 0
-556 -656 0
161 261 361 461 561 661 0
-161 -261 0
-161 -361 0
-161 -461 0
-161 -561 0
-161 -661 0
-261 -361 0
-261 -461 0
-261 -561 0
-261 -661 0
-361 -461 0
-361 -561 0
-361 -661 0
-461 -561 0
-461 -661 0
-561 -661 0
162 262 362 462 562 662 0
-162 -262 0
-162 -362 0
-162 -462 0
-162 -562 0
-162 -662 0
-262 -362 0
-262 -462 0
-262 -562 0
-262 -662 0
-362 -462 0
-362 -562 0
-362 -662 0
-462 -562 0
-462 -662 0
-562 -662 0
163 263 363 463 563 663 0
-163 -263 0
-163 -363 0
-163 -463 0
-163 -563 0
-163 -663 0
-263 -363 0
-263 -463 0
-263 -563 0
-263 -663 0
-363 -463 0
-363 -563 0
-363 -663 0
-463 -563 0
-463 -663 0
-563 -663 0
164 264 364 464 564 664 0
-164 -264 0
-164 -364 0
-164 -464 0
-164 -564 0
-164 -664 0
-264 -364 0
-264 -464 0
-264 -564 0
-264 -664 0
-364 -464 0
-364 -564 0
-364 -664 0
-464 -564 0
-464 -664 0
-564 -664 0
165 265 365 465 565 665 0
-165 -265 0
-165 -365 0
-165 -465 0
-165 -565 0
-165 -665 0
-265 -365 0
-265 -465 0
-265 -565 0
-265 -665 0
-365 -465 0
-365 -565 0
-365 -665 0
-465 -565 0
-465 -665 0
-565 -665 0
166 266 366 466 566 666 0
-166 -266 0
-166 -366 0
-166 -466 0
-166 -566 0
-166 -666 0
-266 -366 0
-266 -466 0
-266 -566 0
-266 -666 0
-366 -466 0
-366 -566 0
-366 -666 0
-466 -566 0
-466 -666 0
-566 -666 0
