1 1.0
2 1.0
3 1.0
4 1.0
5 1.0
6 1.0
7 1.0
8 1.0
9 1.0
10 1.0
11 1.0
12 0.9230769230769231
13 1.0
14 1.0
15 0.9230769230769231
16 1.0
17 0.8461538461538461
18 0.9230769230769231
19 0.7692307692307693
20 0.9230769230769231
21 0.6923076923076923
22 1.0
23 0.46153846153846156
24 0.3076923076923077
25 0.38461538461538464
26 0.3076923076923077
27 0.07692307692307693
28 0.23076923076923078
29 0.0
30 0.0
31 0.0
32 0.07692307692307693
33 0.0
34 0.0
35 0.0
36 0.07692307692307693
37 0.0
38 0.0
39 0.0
40 0.0
41 0.0
42 0.0
43 0.0
44 0.0
45 0.0
46 0.0
47 0.0
48 0.0
49 0.0
50 0.0
51 0.0
52 0.0
53 0.0
54 0.0
55 0.0
56 0.0
57 0.0
58 0.0
59 0.0
60 0.0
61 0.0
62 0.0
63 0.0
64 0.0
65 0.0
66 0.0
67 0.0
68 0.0
69 0.0
70 0.0
71 0.0
72 0.0
73 0.0
