0.0 1.0 390 
0.012345679012345678 1.0 382 
0.024691358024691357 1.0 374 
0.037037037037037035 1.0 367 
0.04938271604938271 1.0 360 
0.06172839506172839 1.0 354 
0.07407407407407407 1.0 349 
0.08641975308641975 1.0 344 
0.09876543209876543 1.0 339 
0.1111111111111111 1.0 334 
0.12345679012345678 1.0 330 
0.13580246913580246 0.992 325 
0.14814814814814814 0.982 321 
0.16049382716049382 0.98 316 
0.1728395061728395 0.98 313 
0.18518518518518517 0.954 309 
0.19753086419753085 0.946 305 
0.20987654320987653 0.902 302 
0.2222222222222222 0.88 297 
0.2345679012345679 0.782 293 
0.24691358024691357 0.766 290 
0.25925925925925924 0.684 286 
0.2716049382716049 0.574 281 
0.2839506172839506 0.5 274 
0.2962962962962963 0.36 0 
0.30864197530864196 0.256 0 
0.32098765432098764 0.2 0 
0.3333333333333333 0.148 0 
0.345679012345679 0.068 0 
0.35802469135802467 0.046 0 
0.37037037037037035 0.014 0 
0.38271604938271603 0.018 0 
0.3950617283950617 0.01 0 
0.4074074074074074 0.006 0 
0.41975308641975306 0.002 0 
0.43209876543209874 0.002 0 
0.4444444444444444 0.0 0 
0.4567901234567901 0.0 0 
0.4691358024691358 0.0 0 
0.48148148148148145 0.0 0 
0.49382716049382713 0.0 0 
0.5061728395061729 0.0 0 
0.5185185185185185 0.0 0 
0.5308641975308642 0.0 0 
0.5432098765432098 0.0 0 
0.5555555555555556 0.0 0 
0.5679012345679012 0.0 0 
0.5802469135802469 0.0 0 
0.5925925925925926 0.0 0 
0.6049382716049383 0.0 0 
0.6172839506172839 0.0 0 
0.6296296296296297 0.0 0 
0.6419753086419753 0.0 0 
0.654320987654321 0.0 0 
0.6666666666666666 0.0 0 
0.6790123456790124 0.0 0 
0.691358024691358 0.0 0 
0.7037037037037037 0.0 0 
0.7160493827160493 0.0 0 
0.7283950617283951 0.0 0 
0.7407407407407407 0.0 0 
0.7530864197530864 0.0 0 
0.7654320987654321 0.0 0 
0.7777777777777778 0.0 0 
0.7901234567901234 0.0 0 
0.8024691358024691 0.0 0 
0.8148148148148148 0.0 0 
0.8271604938271605 0.0 0 
0.8395061728395061 0.0 0 
0.8518518518518519 0.0 0 
0.8641975308641975 0.0 0 
0.8765432098765432 0.0 0 
0.8888888888888888 0.0 0 
0.9012345679012346 0.0 0 
0.9135802469135802 0.0 0 
0.9259259259259259 0.0 0 
