0.0 1.0
0.00390625 1.0
0.0078125 1.0
0.01171875 1.0
0.015625 1.0
0.01953125 1.0
0.0234375 1.0
0.02734375 1.0
0.03125 1.0
0.03515625 1.0
0.0390625 1.0
0.04296875 1.0
0.046875 1.0
0.05078125 1.0
0.0546875 1.0
0.05859375 1.0
0.0625 1.0
0.06640625 1.0
0.0703125 1.0
0.07421875 1.0
0.078125 1.0
0.08203125 1.0
0.0859375 1.0
0.08984375 1.0
0.09375 1.0
0.09765625 1.0
0.1015625 1.0
0.10546875 1.0
0.109375 1.0
0.11328125 1.0
0.1171875 1.0
0.12109375 1.0
0.125 1.0
0.12890625 1.0
0.1328125 1.0
0.13671875 1.0
0.140625 1.0
0.14453125 1.0
0.1484375 0.996
0.15234375 0.998
0.15625 1.0
0.16015625 1.0
0.1640625 0.998
0.16796875 1.0
0.171875 0.994
0.17578125 1.0
0.1796875 0.99
0.18359375 0.996
0.1875 0.992
0.19140625 0.986
0.1953125 0.99
0.19921875 0.986
0.203125 0.992
0.20703125 0.998
0.2109375 0.982
0.21484375 0.982
0.21875 0.978
0.22265625 0.97
0.2265625 0.97
0.23046875 0.976
0.234375 0.952
0.23828125 0.948
0.2421875 0.956
0.24609375 0.944
0.25 0.912
0.25390625 0.92
0.2578125 0.922
0.26171875 0.892
0.265625 0.89
0.26953125 0.864
0.2734375 0.872
0.27734375 0.866
0.28125 0.86
0.28515625 0.828
0.2890625 0.808
0.29296875 0.79
0.296875 0.758
0.30078125 0.726
0.3046875 0.716
0.30859375 0.672
0.3125 0.656
0.31640625 0.596
0.3203125 0.516
0.32421875 0.56
0.328125 0.488
0.33203125 0.476
0.3359375 0.396
0.33984375 0.358
0.34375 0.328
0.34765625 0.302
0.3515625 0.25
0.35546875 0.226
0.359375 0.202
0.36328125 0.156
0.3671875 0.126
0.37109375 0.118
0.375 0.076
0.37890625 0.042
0.3828125 0.024
0.38671875 0.028
0.390625 0.012
0.39453125 0.01
0.3984375 0.0
0.40234375 0.002
0.40625 0.0
0.41015625 0.0
0.4140625 0.0
0.41796875 0.0
0.421875 0.0
0.42578125 0.0
0.4296875 0.0
0.43359375 0.0
0.4375 0.0
0.44140625 0.0
0.4453125 0.0
0.44921875 0.0
0.453125 0.0
0.45703125 0.0
0.4609375 0.0
0.46484375 0.0
0.46875 0.0
0.47265625 0.0
0.4765625 0.0
0.48046875 0.0
0.484375 0.0
0.48828125 0.0
0.4921875 0.0
0.49609375 0.0
0.5 0.0
0.50390625 0.0
0.5078125 0.0
0.51171875 0.0
0.515625 0.0
0.51953125 0.0
0.5234375 0.0
0.52734375 0.0
0.53125 0.0
0.53515625 0.0
0.5390625 0.0
0.54296875 0.0
0.546875 0.0
0.55078125 0.0
0.5546875 0.0
0.55859375 0.0
0.5625 0.0
0.56640625 0.0
0.5703125 0.0
0.57421875 0.0
0.578125 0.0
0.58203125 0.0
0.5859375 0.0
0.58984375 0.0
0.59375 0.0
0.59765625 0.0
0.6015625 0.0
0.60546875 0.0
0.609375 0.0
0.61328125 0.0
0.6171875 0.0
0.62109375 0.0
0.625 0.0
0.62890625 0.0
0.6328125 0.0
0.63671875 0.0
0.640625 0.0
0.64453125 0.0
0.6484375 0.0
0.65234375 0.0
0.65625 0.0
0.66015625 0.0
0.6640625 0.0
0.66796875 0.0
0.671875 0.0
0.67578125 0.0
0.6796875 0.0
0.68359375 0.0
0.6875 0.0
0.69140625 0.0
0.6953125 0.0
0.69921875 0.0
0.703125 0.0
0.70703125 0.0
0.7109375 0.0
0.71484375 0.0
0.71875 0.0
0.72265625 0.0
0.7265625 0.0
0.73046875 0.0
0.734375 0.0
0.73828125 0.0
0.7421875 0.0
0.74609375 0.0
0.75 0.0
0.75390625 0.0
0.7578125 0.0
0.76171875 0.0
0.765625 0.0
0.76953125 0.0
0.7734375 0.0
0.77734375 0.0
0.78125 0.0
0.78515625 0.0
0.7890625 0.0
0.79296875 0.0
0.796875 0.0
0.80078125 0.0
0.8046875 0.0
0.80859375 0.0
0.8125 0.0
0.81640625 0.0
0.8203125 0.0
0.82421875 0.0
0.828125 0.0
0.83203125 0.0
0.8359375 0.0
0.83984375 0.0
0.84375 0.0
0.84765625 0.0
0.8515625 0.0
0.85546875 0.0
0.859375 0.0
0.86328125 0.0
0.8671875 0.0
0.87109375 0.0
0.875 0.0
0.87890625 0.0
